-100 30 525
  0.00247262
  0.00252245
  0.00257327
  0.00262512
  0.00267801
  0.00273196
  0.00278700
  0.00284314
  0.00290041
  0.00295882
  0.00301842
  0.00307920
  0.00314121
  0.00320447
  0.00326899
  0.00333481
  0.00340195
  0.00347043
  0.00354029
  0.00361155
  0.00368424
  0.00375839
  0.00383402
  0.00391117
  0.00398987
  0.00407014
  0.00415202
  0.00423554
  0.00432073
  0.00440763
  0.00449627
  0.00458669
  0.00467891
  0.00477298
  0.00486893
  0.00496680
  0.00506663
  0.00516845
  0.00527231
  0.00537825
  0.00548630
  0.00559651
  0.00570892
  0.00582358
  0.00594052
  0.00605980
  0.00618146
  0.00630555
  0.00643211
  0.00656119
  0.00669285
  0.00682713
  0.00696409
  0.00710377
  0.00724624
  0.00739154
  0.00753973
  0.00769088
  0.00784502
  0.00800223
  0.00816257
  0.00832609
  0.00849286
  0.00866294
  0.00883640
  0.00901330
  0.00919371
  0.00937769
  0.00956532
  0.00975667
  0.00995180
  0.01015080
  0.01035374
  0.01056069
  0.01077173
  0.01098694
  0.01120641
  0.01143020
  0.01165842
  0.01189113
  0.01212843
  0.01237041
  0.01261716
  0.01286876
  0.01312532
  0.01338692
  0.01365366
  0.01392564
  0.01420296
  0.01448572
  0.01477403
  0.01506799
  0.01536771
  0.01567329
  0.01598485
  0.01630250
  0.01662636
  0.01695654
  0.01729316
  0.01763634
  0.01798621
  0.01834289
  0.01870651
  0.01907720
  0.01945508
  0.01984031
  0.02023300
  0.02063330
  0.02104135
  0.02145729
  0.02188127
  0.02231344
  0.02275394
  0.02320294
  0.02366058
  0.02412702
  0.02460243
  0.02508696
  0.02558079
  0.02608408
  0.02659699
  0.02711972
  0.02765242
  0.02819529
  0.02874850
  0.02931223
  0.02988668
  0.03047203
  0.03106848
  0.03167623
  0.03229546
  0.03292639
  0.03356922
  0.03422416
  0.03489141
  0.03557119
  0.03626372
  0.03696921
  0.03768789
  0.03841999
  0.03916572
  0.03992533
  0.04069905
  0.04148712
  0.04228977
  0.04310725
  0.04393982
  0.04478770
  0.04565117
  0.04653047
  0.04742587
  0.04833763
  0.04926601
  0.05021127
  0.05117370
  0.05215356
  0.05315114
  0.05416670
  0.05520054
  0.05625293
  0.05732418
  0.05841456
  0.05952437
  0.06065390
  0.06180347
  0.06297336
  0.06416388
  0.06537533
  0.06660804
  0.06786229
  0.06913842
  0.07043673
  0.07175754
  0.07310117
  0.07446795
  0.07585818
  0.07727220
  0.07871034
  0.08017291
  0.08166026
  0.08317270
  0.08471057
  0.08627419
  0.08786391
  0.08948006
  0.09112296
  0.09279295
  0.09449037
  0.09621554
  0.09796880
  0.09975049
  0.10156093
  0.10340045
  0.10526939
  0.10716807
  0.10909682
  0.11105597
  0.11304583
  0.11506673
  0.11711899
  0.11920292
  0.12131884
  0.12346705
  0.12564786
  0.12786157
  0.13010847
  0.13238887
  0.13470305
  0.13705129
  0.13943387
  0.14185106
  0.14430313
  0.14679034
  0.14931293
  0.15187116
  0.15446527
  0.15709547
  0.15976200
  0.16246506
  0.16520487
  0.16798161
  0.17079548
  0.17364665
  0.17653527
  0.17946152
  0.18242552
  0.18542742
  0.18846733
  0.19154535
  0.19466158
  0.19781611
  0.20100900
  0.20424030
  0.20751006
  0.21081829
  0.21416502
  0.21755022
  0.22097389
  0.22443599
  0.22793645
  0.23147522
  0.23505220
  0.23866729
  0.24232036
  0.24601128
  0.24973989
  0.25350602
  0.25730945
  0.26114999
  0.26502740
  0.26894142
  0.27289178
  0.27687819
  0.28090034
  0.28495789
  0.28905050
  0.29317778
  0.29733935
  0.30153478
  0.30576366
  0.31002552
  0.31431989
  0.31864627
  0.32300414
  0.32739298
  0.33181223
  0.33626130
  0.34073961
  0.34524654
  0.34978145
  0.35434369
  0.35893259
  0.36354746
  0.36818758
  0.37285223
  0.37754067
  0.38225213
  0.38698582
  0.39174097
  0.39651675
  0.40131234
  0.40612690
  0.41095957
  0.41580948
  0.42067575
  0.42555748
  0.43045378
  0.43536371
  0.44028635
  0.44522076
  0.45016600
  0.45512111
  0.46008512
  0.46505705
  0.47003595
  0.47502081
  0.48001066
  0.48500450
  0.49000133
  0.49500017
  0.50000000
  0.50499983
  0.50999867
  0.51499550
  0.51998934
  0.52497919
  0.52996405
  0.53494295
  0.53991488
  0.54487889
  0.54983400
  0.55477924
  0.55971365
  0.56463629
  0.56954622
  0.57444252
  0.57932425
  0.58419052
  0.58904043
  0.59387310
  0.59868766
  0.60348325
  0.60825903
  0.61301418
  0.61774787
  0.62245933
  0.62714777
  0.63181242
  0.63645254
  0.64106741
  0.64565631
  0.65021855
  0.65475346
  0.65926039
  0.66373870
  0.66818777
  0.67260702
  0.67699586
  0.68135373
  0.68568011
  0.68997448
  0.69423634
  0.69846522
  0.70266065
  0.70682222
  0.71094950
  0.71504211
  0.71909966
  0.72312181
  0.72710822
  0.73105858
  0.73497260
  0.73885001
  0.74269055
  0.74649398
  0.75026011
  0.75398872
  0.75767964
  0.76133271
  0.76494780
  0.76852478
  0.77206355
  0.77556401
  0.77902611
  0.78244978
  0.78583498
  0.78918171
  0.79248994
  0.79575970
  0.79899100
  0.80218389
  0.80533842
  0.80845465
  0.81153267
  0.81457258
  0.81757448
  0.82053848
  0.82346473
  0.82635335
  0.82920452
  0.83201839
  0.83479513
  0.83753494
  0.84023800
  0.84290453
  0.84553473
  0.84812884
  0.85068707
  0.85320966
  0.85569687
  0.85814894
  0.86056613
  0.86294871
  0.86529695
  0.86761113
  0.86989153
  0.87213843
  0.87435214
  0.87653295
  0.87868116
  0.88079708
  0.88288101
  0.88493327
  0.88695417
  0.88894403
  0.89090318
  0.89283193
  0.89473061
  0.89659955
  0.89843907
  0.90024951
  0.90203120
  0.90378446
  0.90550963
  0.90720705
  0.90887704
  0.91051994
  0.91213609
  0.91372581
  0.91528943
  0.91682730
  0.91833974
  0.91982709
  0.92128966
  0.92272780
  0.92414182
  0.92553205
  0.92689883
  0.92824246
  0.92956327
  0.93086158
  0.93213771
  0.93339196
  0.93462467
  0.93583612
  0.93702664
  0.93819653
  0.93934610
  0.94047563
  0.94158544
  0.94267582
  0.94374707
  0.94479946
  0.94583330
  0.94684886
  0.94784644
  0.94882630
  0.94978873
  0.95073399
  0.95166237
  0.95257413
  0.95346953
  0.95434883
  0.95521230
  0.95606018
  0.95689275
  0.95771023
  0.95851288
  0.95930095
  0.96007467
  0.96083428
  0.96158001
  0.96231211
  0.96303079
  0.96373628
  0.96442881
  0.96510859
  0.96577584
  0.96643078
  0.96707361
  0.96770454
  0.96832377
  0.96893152
  0.96952797
  0.97011332
  0.97068777
  0.97125150
  0.97180471
  0.97234758
  0.97288028
  0.97340301
  0.97391592
  0.97441921
  0.97491304
  0.97539757
  0.97587298
  0.97633942
  0.97679706
  0.97724606
  0.97768656
  0.97811873
  0.97854271
  0.97895865
  0.97936670
  0.97976700
  0.98015969
  0.98054492
  0.98092280
  0.98129349
  0.98165711
  0.98201379
  0.98236366
  0.98270684
  0.98304346
  0.98337364
  0.98369750
  0.98401515
  0.98432671
  0.98463229
  0.98493201
  0.98522597
  0.98551428
  0.98579704
  0.98607436
  0.98634634
  0.98661308
  0.98687468
  0.98713124
  0.98738284
  0.98762959
  0.98787157
  0.98810887
  0.98834158
  0.98856980
  0.98879359
