-150 50 200
0.00000000
0.00000000
0.00000000
0.00000000
0.00000000
0.00000000
0.00000000
0.00000000
0.00000000
0.00000000
0.00000000
0.00000000
0.00000000
0.00000000
0.00000000
0.00000000
0.00000000
0.00000000
0.00000000
0.00000000
0.00000000
0.00000000
0.00000000
0.00000000
0.00000000
0.00000000
0.00000000
0.00000000
0.00000000
0.00000000
0.00000000
0.00000000
0.00000000
0.00000000
0.00000000
0.00000000
0.00000000
0.00000000
0.00000000
0.00000000
0.00000000
0.00000001
0.00000001
0.00000002
0.00000003
0.00000004
0.00000007
0.00000011
0.00000019
0.00000031
0.00000050
0.00000083
0.00000137
0.00000226
0.00000373
0.00000614
0.00001013
0.00001670
0.00002754
0.00004540
0.00007485
0.00012339
0.00020343
0.00033535
0.00055278
0.00091105
0.00150118
0.00247262
0.00407014
0.00669285
0.01098694
0.01798621
0.02931223
0.04742587
0.07585818
0.11920292
0.18242552
0.26894142
0.37754067
0.50000000
0.62245933
0.73105858
0.81757448
0.88079708
0.92414182
0.95257413
0.97068777
0.98201379
0.98901306
0.99330715
0.99592986
0.99752738
0.99849882
0.99908895
0.99944722
0.99966465
0.99979657
0.99987661
0.99992515
0.99995460
0.99997246
0.99998330
0.99998987
0.99999386
0.99999627
0.99999774
0.99999863
0.99999917
0.99999950
0.99999969
0.99999981
0.99999989
0.99999993
0.99999996
0.99999997
0.99999998
0.99999999
0.99999999
1.00000000
1.00000000
1.00000000
1.00000000
1.00000000
1.00000000
1.00000000
1.00000000
1.00000000
1.00000000
1.00000000
1.00000000
1.00000000
1.00000000
1.00000000
1.00000000
1.00000000
1.00000000
1.00000000
1.00000000
1.00000000
1.00000000
1.00000000
1.00000000
1.00000000
1.00000000
1.00000000
1.00000000
1.00000000
1.00000000
1.00000000
1.00000000
1.00000000
1.00000000
1.00000000
1.00000000
1.00000000
1.00000000
1.00000000
1.00000000
1.00000000
1.00000000
1.00000000
1.00000000
1.00000000
1.00000000
1.00000000
1.00000000
1.00000000
1.00000000
1.00000000
1.00000000
1.00000000
1.00000000
1.00000000
1.00000000
1.00000000
1.00000000
1.00000000
1.00000000
1.00000000
1.00000000
1.00000000
1.00000000
1.00000000
1.00000000
1.00000000
1.00000000
1.00000000
1.00000000
1.00000000
1.00000000
1.00000000
1.00000000
1.00000000
1.00000000
1.00000000
1.00000000
1.00000000
1.00000000
1.00000000
1.00000000
