-55 -50 1000
   4.3107255e-02
   4.3621650e-02
   4.4141901e-02
   4.4668067e-02
   4.5200207e-02
   4.5738384e-02
   4.6282658e-02
   4.6833091e-02
   4.7389745e-02
   4.7952682e-02
   4.8521966e-02
   4.9097660e-02
   4.9679827e-02
   5.0268532e-02
   5.0863840e-02
   5.1465816e-02
   5.2074526e-02
   5.2690035e-02
   5.3312410e-02
   5.3941718e-02
   5.4578027e-02
   5.5221403e-02
   5.5871915e-02
   5.6529632e-02
   5.7194622e-02
   5.7866955e-02
   5.8546701e-02
   5.9233930e-02
   5.9928711e-02
   6.0631117e-02
   6.1341219e-02
   6.2059087e-02
   6.2784795e-02
   6.3518415e-02
   6.4260018e-02
   6.5009680e-02
   6.5767472e-02
   6.6533469e-02
   6.7307744e-02
   6.8090373e-02
   6.8881430e-02
   6.9680991e-02
   7.0489129e-02
   7.1305922e-02
   7.2131445e-02
   7.2965774e-02
   7.3808986e-02
   7.4661158e-02
   7.5522367e-02
   7.6392689e-02
   7.7272202e-02
   7.8160985e-02
   7.9059114e-02
   7.9966668e-02
   8.0883726e-02
   8.1810365e-02
   8.2746664e-02
   8.3692702e-02
   8.4648559e-02
   8.5614312e-02
   8.6590041e-02
   8.7575825e-02
   8.8571743e-02
   8.9577876e-02
   9.0594301e-02
   9.1621099e-02
   9.2658349e-02
   9.3706130e-02
   9.4764523e-02
   9.5833605e-02
   9.6913457e-02
   9.8004158e-02
   9.9105787e-02
   1.0021842e-01
   1.0134215e-01
   1.0247703e-01
   1.0362316e-01
   1.0478062e-01
   1.0594947e-01
   1.0712980e-01
   1.0832169e-01
   1.0952521e-01
   1.1074045e-01
   1.1196747e-01
   1.1320636e-01
   1.1445718e-01
   1.1572003e-01
   1.1699497e-01
   1.1828207e-01
   1.1958142e-01
   1.2089308e-01
   1.2221713e-01
   1.2355365e-01
   1.2490271e-01
   1.2626437e-01
   1.2763871e-01
   1.2902580e-01
   1.3042571e-01
   1.3183851e-01
   1.3326427e-01
   1.3470305e-01
   1.3615493e-01
   1.3761997e-01
   1.3909823e-01
   1.4058979e-01
   1.4209470e-01
   1.4361302e-01
   1.4514483e-01
   1.4669017e-01
   1.4824912e-01
   1.4982172e-01
   1.5140804e-01
   1.5300814e-01
   1.5462206e-01
   1.5624986e-01
   1.5789160e-01
   1.5954733e-01
   1.6121710e-01
   1.6290096e-01
   1.6459895e-01
   1.6631113e-01
   1.6803753e-01
   1.6977820e-01
   1.7153319e-01
   1.7330253e-01
   1.7508627e-01
   1.7688444e-01
   1.7869707e-01
   1.8052420e-01
   1.8236587e-01
   1.8422211e-01
   1.8609293e-01
   1.8797838e-01
   1.8987848e-01
   1.9179324e-01
   1.9372270e-01
   1.9566686e-01
   1.9762576e-01
   1.9959940e-01
   2.0158780e-01
   2.0359097e-01
   2.0560891e-01
   2.0764165e-01
   2.0968918e-01
   2.1175150e-01
   2.1382861e-01
   2.1592052e-01
   2.1802722e-01
   2.2014871e-01
   2.2228496e-01
   2.2443599e-01
   2.2660176e-01
   2.2878226e-01
   2.3097749e-01
   2.3318740e-01
   2.3541199e-01
   2.3765123e-01
   2.3990508e-01
   2.4217351e-01
   2.4445650e-01
   2.4675400e-01
   2.4906597e-01
   2.5139238e-01
   2.5373317e-01
   2.5608831e-01
   2.5845773e-01
   2.6084139e-01
   2.6323923e-01
   2.6565119e-01
   2.6807721e-01
   2.7051722e-01
   2.7297116e-01
   2.7543895e-01
   2.7792053e-01
   2.8041581e-01
   2.8292471e-01
   2.8544716e-01
   2.8798307e-01
   2.9053234e-01
   2.9309490e-01
   2.9567063e-01
   2.9825945e-01
   3.0086126e-01
   3.0347594e-01
   3.0610340e-01
   3.0874353e-01
   3.1139620e-01
   3.1406132e-01
   3.1673875e-01
   3.1942837e-01
   3.2213007e-01
   3.2484372e-01
   3.2756917e-01
   3.3030631e-01
   3.3305499e-01
   3.3581507e-01
   3.3858641e-01
   3.4136887e-01
   3.4416230e-01
   3.4696654e-01
   3.4978145e-01
   3.5260686e-01
   3.5544262e-01
   3.5828857e-01
   3.6114453e-01
   3.6401035e-01
   3.6688584e-01
   3.6977085e-01
   3.7266519e-01
   3.7556868e-01
   3.7848114e-01
   3.8140240e-01
   3.8433226e-01
   3.8727054e-01
   3.9021704e-01
   3.9317157e-01
   3.9613395e-01
   3.9910396e-01
   4.0208142e-01
   4.0506611e-01
   4.0805784e-01
   4.1105640e-01
   4.1406158e-01
   4.1707317e-01
   4.2009096e-01
   4.2311474e-01
   4.2614429e-01
   4.2917939e-01
   4.3221983e-01
   4.3526538e-01
   4.3831583e-01
   4.4137094e-01
   4.4443051e-01
   4.4749429e-01
   4.5056206e-01
   4.5363360e-01
   4.5670867e-01
   4.5978704e-01
   4.6286849e-01
   4.6595277e-01
   4.6903966e-01
   4.7212892e-01
   4.7522032e-01
   4.7831361e-01
   4.8140858e-01
   4.8450496e-01
   4.8760254e-01
   4.9070107e-01
   4.9380032e-01
   4.9690004e-01
   5.0000000e-01
   5.0309996e-01
   5.0619968e-01
   5.0929893e-01
   5.1239746e-01
   5.1549504e-01
   5.1859142e-01
   5.2168639e-01
   5.2477968e-01
   5.2787108e-01
   5.3096034e-01
   5.3404723e-01
   5.3713151e-01
   5.4021296e-01
   5.4329133e-01
   5.4636640e-01
   5.4943794e-01
   5.5250571e-01
   5.5556949e-01
   5.5862906e-01
   5.6168417e-01
   5.6473462e-01
   5.6778017e-01
   5.7082061e-01
   5.7385571e-01
   5.7688526e-01
   5.7990904e-01
   5.8292683e-01
   5.8593842e-01
   5.8894360e-01
   5.9194216e-01
   5.9493389e-01
   5.9791858e-01
   6.0089604e-01
   6.0386605e-01
   6.0682843e-01
   6.0978296e-01
   6.1272946e-01
   6.1566774e-01
   6.1859760e-01
   6.2151886e-01
   6.2443132e-01
   6.2733481e-01
   6.3022915e-01
   6.3311416e-01
   6.3598965e-01
   6.3885547e-01
   6.4171143e-01
   6.4455738e-01
   6.4739314e-01
   6.5021855e-01
   6.5303346e-01
   6.5583770e-01
   6.5863113e-01
   6.6141359e-01
   6.6418493e-01
   6.6694501e-01
   6.6969369e-01
   6.7243083e-01
   6.7515628e-01
   6.7786993e-01
   6.8057163e-01
   6.8326125e-01
   6.8593868e-01
   6.8860380e-01
   6.9125647e-01
   6.9389660e-01
   6.9652406e-01
   6.9913874e-01
   7.0174055e-01
   7.0432937e-01
   7.0690510e-01
   7.0946766e-01
   7.1201693e-01
   7.1455284e-01
   7.1707529e-01
   7.1958419e-01
   7.2207947e-01
   7.2456105e-01
   7.2702884e-01
   7.2948278e-01
   7.3192279e-01
   7.3434881e-01
   7.3676077e-01
   7.3915861e-01
   7.4154227e-01
   7.4391169e-01
   7.4626683e-01
   7.4860762e-01
   7.5093403e-01
   7.5324600e-01
   7.5554350e-01
   7.5782649e-01
   7.6009492e-01
   7.6234877e-01
   7.6458801e-01
   7.6681260e-01
   7.6902251e-01
   7.7121774e-01
   7.7339824e-01
   7.7556401e-01
   7.7771504e-01
   7.7985129e-01
   7.8197278e-01
   7.8407948e-01
   7.8617139e-01
   7.8824850e-01
   7.9031082e-01
   7.9235835e-01
   7.9439109e-01
   7.9640903e-01
   7.9841220e-01
   8.0040060e-01
   8.0237424e-01
   8.0433314e-01
   8.0627730e-01
   8.0820676e-01
   8.1012152e-01
   8.1202162e-01
   8.1390707e-01
   8.1577789e-01
   8.1763413e-01
   8.1947580e-01
   8.2130293e-01
   8.2311556e-01
   8.2491373e-01
   8.2669747e-01
   8.2846681e-01
   8.3022180e-01
   8.3196247e-01
   8.3368887e-01
   8.3540105e-01
   8.3709904e-01
   8.3878290e-01
   8.4045267e-01
   8.4210840e-01
   8.4375014e-01
   8.4537794e-01
   8.4699186e-01
   8.4859196e-01
   8.5017828e-01
   8.5175088e-01
   8.5330983e-01
   8.5485517e-01
   8.5638698e-01
   8.5790530e-01
   8.5941021e-01
   8.6090177e-01
   8.6238003e-01
   8.6384507e-01
   8.6529695e-01
   8.6673573e-01
   8.6816149e-01
   8.6957429e-01
   8.7097420e-01
   8.7236129e-01
   8.7373563e-01
   8.7509729e-01
   8.7644635e-01
   8.7778287e-01
   8.7910692e-01
   8.8041858e-01
   8.8171793e-01
   8.8300503e-01
   8.8427997e-01
   8.8554282e-01
   8.8679364e-01
   8.8803253e-01
   8.8925955e-01
   8.9047479e-01
   8.9167831e-01
   8.9287020e-01
   8.9405053e-01
   8.9521938e-01
   8.9637684e-01
   8.9752297e-01
   8.9865785e-01
   8.9978158e-01
   9.0089421e-01
   9.0199584e-01
   9.0308654e-01
   9.0416639e-01
   9.0523548e-01
   9.0629387e-01
   9.0734165e-01
   9.0837890e-01
   9.0940570e-01
   9.1042212e-01
   9.1142826e-01
   9.1242418e-01
   9.1340996e-01
   9.1438569e-01
   9.1535144e-01
   9.1630730e-01
   9.1725334e-01
   9.1818964e-01
   9.1911627e-01
   9.2003333e-01
   9.2094089e-01
   9.2183902e-01
   9.2272780e-01
   9.2360731e-01
   9.2447763e-01
   9.2533884e-01
   9.2619101e-01
   9.2703423e-01
   9.2786856e-01
   9.2869408e-01
   9.2951087e-01
   9.3031901e-01
   9.3111857e-01
   9.3190963e-01
   9.3269226e-01
   9.3346653e-01
   9.3423253e-01
   9.3499032e-01
   9.3573998e-01
   9.3648159e-01
   9.3721520e-01
   9.3794091e-01
   9.3865878e-01
   9.3936888e-01
   9.4007129e-01
   9.4076607e-01
   9.4145330e-01
   9.4213304e-01
   9.4280538e-01
   9.4347037e-01
   9.4412808e-01
   9.4477860e-01
   9.4542197e-01
   9.4605828e-01
   9.4668759e-01
   9.4730996e-01
   9.4792547e-01
   9.4853418e-01
   9.4913616e-01
   9.4973147e-01
   9.5032017e-01
   9.5090234e-01
   9.5147803e-01
   9.5204732e-01
   9.5261026e-01
   9.5316691e-01
   9.5371734e-01
   9.5426162e-01
   9.5479979e-01
   9.5533193e-01
   9.5585810e-01
   9.5637835e-01
   9.5689275e-01
   9.5740134e-01
   9.5790421e-01
   9.5840139e-01
   9.5889296e-01
   9.5937896e-01
   9.5985946e-01
   9.6033450e-01
   9.6080416e-01
   9.6126848e-01
   9.6172752e-01
   9.6218133e-01
   9.6262997e-01
   9.6307349e-01
   9.6351195e-01
   9.6394539e-01
   9.6437388e-01
   9.6479746e-01
   9.6521619e-01
   9.6563011e-01
   9.6603928e-01
   9.6644375e-01
   9.6684357e-01
   9.6723878e-01
   9.6762945e-01
   9.6801560e-01
   9.6839730e-01
   9.6877460e-01
   9.6914753e-01
   9.6951615e-01
   9.6988050e-01
   9.7024063e-01
   9.7059658e-01
   9.7094841e-01
   9.7129615e-01
   9.7163984e-01
   9.7197955e-01
   9.7231529e-01
   9.7264713e-01
   9.7297510e-01
   9.7329925e-01
   9.7361962e-01
   9.7393624e-01
   9.7424916e-01
   9.7455843e-01
   9.7486408e-01
   9.7516614e-01
   9.7546467e-01
   9.7575970e-01
   9.7605127e-01
   9.7633942e-01
   9.7662419e-01
   9.7690560e-01
   9.7718371e-01
   9.7745855e-01
   9.7773015e-01
   9.7799855e-01
   9.7826379e-01
   9.7852591e-01
   9.7878493e-01
   9.7904089e-01
   9.7929383e-01
   9.7954378e-01
   9.7979078e-01
   9.8003485e-01
   9.8027604e-01
   9.8051437e-01
   9.8074988e-01
   9.8098259e-01
   9.8121255e-01
   9.8143978e-01
   9.8166431e-01
   9.8188618e-01
   9.8210541e-01
   9.8232203e-01
   9.8253608e-01
   9.8274758e-01
   9.8295657e-01
   9.8316306e-01
   9.8336710e-01
   9.8356871e-01
   9.8376791e-01
   9.8396474e-01
   9.8415922e-01
   9.8435138e-01
   9.8454124e-01
   9.8472884e-01
   9.8491419e-01
   9.8509733e-01
   9.8527828e-01
   9.8545706e-01
   9.8563371e-01
   9.8580824e-01
   9.8598067e-01
   9.8615105e-01
   9.8631938e-01
   9.8648569e-01
   9.8665001e-01
   9.8681236e-01
   9.8697276e-01
   9.8713124e-01
   9.8728781e-01
   9.8744250e-01
   9.8759533e-01
   9.8774632e-01
   9.8789550e-01
   9.8804289e-01
   9.8818850e-01
   9.8833236e-01
   9.8847449e-01
   9.8861491e-01
   9.8875363e-01
   9.8889069e-01
   9.8902609e-01
   9.8915986e-01
   9.8929202e-01
   9.8942258e-01
   9.8955157e-01
   9.8967900e-01
   9.8980489e-01
   9.8992927e-01
   9.9005214e-01
   9.9017353e-01
   9.9029345e-01
   9.9041192e-01
   9.9052896e-01
   9.9064458e-01
   9.9075881e-01
   9.9087165e-01
   9.9098313e-01
   9.9109326e-01
   9.9120205e-01
   9.9130953e-01
   9.9141571e-01
   9.9152060e-01
   9.9162422e-01
   9.9172658e-01
   9.9182771e-01
   9.9192761e-01
   9.9202629e-01
   9.9212378e-01
   9.9222009e-01
   9.9231523e-01
   9.9240921e-01
   9.9250205e-01
   9.9259377e-01
   9.9268437e-01
   9.9277388e-01
   9.9286229e-01
   9.9294963e-01
   9.9303591e-01
   9.9312114e-01
   9.9320534e-01
   9.9328851e-01
   9.9337067e-01
   9.9345183e-01
   9.9353200e-01
   9.9361120e-01
   9.9368944e-01
   9.9376672e-01
   9.9384306e-01
   9.9391848e-01
   9.9399297e-01
   9.9406656e-01
   9.9413925e-01
   9.9421106e-01
   9.9428199e-01
   9.9435206e-01
   9.9442127e-01
   9.9448964e-01
   9.9455718e-01
   9.9462389e-01
   9.9468979e-01
   9.9475489e-01
   9.9481919e-01
   9.9488271e-01
   9.9494545e-01
   9.9500743e-01
   9.9506866e-01
   9.9512913e-01
   9.9518887e-01
   9.9524788e-01
   9.9530616e-01
   9.9536374e-01
   9.9542061e-01
   9.9547679e-01
   9.9553228e-01
   9.9558710e-01
   9.9564124e-01
   9.9569473e-01
   9.9574756e-01
   9.9579974e-01
   9.9585129e-01
   9.9590220e-01
   9.9595250e-01
   9.9600218e-01
   9.9605125e-01
   9.9609972e-01
   9.9614760e-01
   9.9619490e-01
   9.9624161e-01
   9.9628776e-01
   9.9633334e-01
   9.9637836e-01
   9.9642283e-01
   9.9646676e-01
   9.9651015e-01
   9.9655301e-01
   9.9659534e-01
   9.9663716e-01
   9.9667846e-01
   9.9671926e-01
   9.9675956e-01
   9.9679936e-01
   9.9683868e-01
   9.9687752e-01
   9.9691588e-01
   9.9695377e-01
   9.9699120e-01
   9.9702817e-01
   9.9706468e-01
   9.9710075e-01
   9.9713638e-01
   9.9717157e-01
   9.9720633e-01
   9.9724066e-01
   9.9727457e-01
   9.9730807e-01
   9.9734115e-01
   9.9737383e-01
   9.9740611e-01
   9.9743800e-01
   9.9746949e-01
   9.9750059e-01
   9.9753132e-01
   9.9756167e-01
   9.9759164e-01
   9.9762125e-01
   9.9765050e-01
   9.9767939e-01
   9.9770792e-01
   9.9773610e-01
   9.9776394e-01
   9.9779143e-01
   9.9781859e-01
   9.9784541e-01
   9.9787191e-01
   9.9789808e-01
   9.9792393e-01
   9.9794946e-01
   9.9797468e-01
   9.9799959e-01
   9.9802419e-01
   9.9804849e-01
   9.9807250e-01
   9.9809620e-01
   9.9811962e-01
   9.9814275e-01
   9.9816560e-01
   9.9818816e-01
   9.9821045e-01
   9.9823246e-01
   9.9825421e-01
   9.9827569e-01
   9.9829690e-01
   9.9831785e-01
   9.9833855e-01
   9.9835899e-01
   9.9837918e-01
   9.9839912e-01
   9.9841882e-01
   9.9843827e-01
   9.9845749e-01
   9.9847647e-01
   9.9849522e-01
   9.9851373e-01
   9.9853202e-01
   9.9855009e-01
   9.9856793e-01
   9.9858555e-01
   9.9860296e-01
   9.9862015e-01
   9.9863713e-01
   9.9865390e-01
   9.9867047e-01
   9.9868683e-01
   9.9870300e-01
   9.9871896e-01
   9.9873473e-01
   9.9875030e-01
   9.9876568e-01
   9.9878087e-01
   9.9879588e-01
   9.9881070e-01
   9.9882534e-01
   9.9883980e-01
   9.9885408e-01
   9.9886818e-01
   9.9888212e-01
   9.9889588e-01
   9.9890947e-01
   9.9892289e-01
   9.9893615e-01
   9.9894925e-01
   9.9896219e-01
   9.9897496e-01
   9.9898758e-01
   9.9900005e-01
   9.9901236e-01
   9.9902452e-01
   9.9903652e-01
   9.9904839e-01
   9.9906010e-01
   9.9907168e-01
   9.9908310e-01
   9.9909439e-01
   9.9910554e-01
   9.9911656e-01
   9.9912743e-01
   9.9913818e-01
   9.9914879e-01
   9.9915927e-01
   9.9916962e-01
   9.9917985e-01
   9.9918995e-01
   9.9919992e-01
   9.9920977e-01
   9.9921950e-01
   9.9922911e-01
   9.9923861e-01
   9.9924798e-01
   9.9925724e-01
   9.9926639e-01
   9.9927542e-01
   9.9928435e-01
   9.9929316e-01
   9.9930187e-01
   9.9931046e-01
   9.9931895e-01
   9.9932734e-01
   9.9933563e-01
   9.9934381e-01
   9.9935189e-01
   9.9935987e-01
   9.9936775e-01
   9.9937554e-01
   9.9938323e-01
   9.9939083e-01
   9.9939833e-01
   9.9940574e-01
   9.9941306e-01
   9.9942029e-01
   9.9942743e-01
   9.9943448e-01
   9.9944145e-01
   9.9944833e-01
   9.9945512e-01
   9.9946183e-01
   9.9946846e-01
   9.9947501e-01
   9.9948147e-01
   9.9948786e-01
   9.9949417e-01
   9.9950040e-01
   9.9950655e-01
   9.9951263e-01
   9.9951863e-01
   9.9952456e-01
   9.9953042e-01
   9.9953620e-01
   9.9954192e-01
   9.9954756e-01
   9.9955313e-01
   9.9955864e-01
   9.9956407e-01
   9.9956944e-01
   9.9957475e-01
   9.9957998e-01
   9.9958516e-01
   9.9959027e-01
   9.9959532e-01
   9.9960030e-01
   9.9960523e-01
   9.9961009e-01
   9.9961489e-01
   9.9961964e-01
   9.9962432e-01
   9.9962895e-01
   9.9963352e-01
   9.9963803e-01
   9.9964249e-01
   9.9964690e-01
   9.9965125e-01
   9.9965554e-01
   9.9965979e-01
   9.9966398e-01
   9.9966812e-01
   9.9967221e-01
   9.9967625e-01
   9.9968023e-01
   9.9968417e-01
   9.9968806e-01
   9.9969191e-01
   9.9969570e-01
   9.9969945e-01
   9.9970315e-01
   9.9970681e-01
   9.9971042e-01
   9.9971399e-01
   9.9971751e-01
   9.9972099e-01
   9.9972443e-01
   9.9972783e-01
   9.9973118e-01
   9.9973449e-01
   9.9973776e-01
   9.9974099e-01
   9.9974418e-01
   9.9974734e-01
   9.9975045e-01
   9.9975352e-01
   9.9975656e-01
   9.9975956e-01
   9.9976252e-01
   9.9976545e-01
   9.9976834e-01
   9.9977119e-01
   9.9977401e-01
   9.9977680e-01
   9.9977955e-01
   9.9978226e-01
   9.9978494e-01
   9.9978759e-01
   9.9979021e-01
   9.9979280e-01
   9.9979535e-01
   9.9979787e-01
   9.9980036e-01
   9.9980282e-01
   9.9980525e-01
   9.9980765e-01
   9.9981002e-01
   9.9981236e-01
   9.9981467e-01
   9.9981696e-01
   9.9981921e-01
   9.9982144e-01
   9.9982364e-01
   9.9982581e-01
   9.9982796e-01
   9.9983008e-01
   9.9983217e-01
   9.9983424e-01
   9.9983628e-01
   9.9983830e-01
   9.9984029e-01
   9.9984226e-01
   9.9984420e-01
   9.9984612e-01
   9.9984802e-01
   9.9984989e-01
   9.9985174e-01
   9.9985357e-01
   9.9985537e-01
   9.9985715e-01
   9.9985891e-01
   9.9986065e-01
   9.9986237e-01
   9.9986407e-01
   9.9986574e-01
   9.9986739e-01
   9.9986903e-01
   9.9987064e-01
   9.9987224e-01
   9.9987381e-01
   9.9987537e-01
   9.9987690e-01
   9.9987842e-01
   9.9987992e-01
   9.9988140e-01
   9.9988286e-01
   9.9988430e-01
   9.9988573e-01
   9.9988713e-01
   9.9988853e-01
   9.9988990e-01
   9.9989126e-01
   9.9989260e-01
   9.9989392e-01
   9.9989523e-01
   9.9989652e-01
   9.9989779e-01
   9.9989905e-01
   9.9990030e-01
   9.9990152e-01
   9.9990274e-01
   9.9990394e-01
   9.9990512e-01
   9.9990629e-01
   9.9990744e-01
