-150 50 200
0.00000037
0.00000046
0.00000056
0.00000068
0.00000083
0.00000102
0.00000124
0.00000152
0.00000185
0.00000226
0.00000276
0.00000337
0.00000412
0.00000503
0.00000614
0.00000750
0.00000917
0.00001120
0.00001367
0.00001670
0.00002040
0.00002492
0.00003043
0.00003717
0.00004540
0.00005545
0.00006772
0.00008272
0.00010103
0.00012339
0.00015071
0.00018407
0.00022482
0.00027458
0.00033535
0.00040957
0.00050020
0.00061088
0.00074603
0.00091105
0.00111254
0.00135852
0.00165880
0.00202532
0.00247262
0.00301842
0.00368424
0.00449627
0.00548630
0.00669285
0.00816257
0.00995180
0.01212843
0.01477403
0.01798621
0.02188127
0.02659699
0.03229546
0.03916572
0.04742587
0.05732418
0.06913842
0.08317270
0.09975049
0.11920292
0.14185106
0.16798161
0.19781611
0.23147522
0.26894142
0.31002552
0.35434369
0.40131234
0.45016600
0.50000000
0.54983400
0.59868766
0.64565631
0.68997448
0.73105858
0.76852478
0.80218389
0.83201839
0.85814894
0.88079708
0.90024951
0.91682730
0.93086158
0.94267582
0.95257413
0.96083428
0.96770454
0.97340301
0.97811873
0.98201379
0.98522597
0.98787157
0.99004820
0.99183743
0.99330715
0.99451370
0.99550373
0.99631576
0.99698158
0.99752738
0.99797468
0.99834120
0.99864148
0.99888746
0.99908895
0.99925397
0.99938912
0.99949980
0.99959043
0.99966465
0.99972542
0.99977518
0.99981593
0.99984929
0.99987661
0.99989897
0.99991728
0.99993228
0.99994455
0.99995460
0.99996283
0.99996957
0.99997508
0.99997960
0.99998330
0.99998633
0.99998880
0.99999083
0.99999250
0.99999386
0.99999497
0.99999588
0.99999663
0.99999724
0.99999774
0.99999815
0.99999848
0.99999876
0.99999898
0.99999917
0.99999932
0.99999944
0.99999954
0.99999963
0.99999969
0.99999975
0.99999979
0.99999983
0.99999986
0.99999989
0.99999991
0.99999992
0.99999994
0.99999995
0.99999996
0.99999997
0.99999997
0.99999998
0.99999998
0.99999998
0.99999999
0.99999999
0.99999999
0.99999999
0.99999999
1.00000000
1.00000000
1.00000000
1.00000000
1.00000000
1.00000000
1.00000000
1.00000000
1.00000000
1.00000000
1.00000000
1.00000000
1.00000000
1.00000000
1.00000000
1.00000000
1.00000000
1.00000000
1.00000000
1.00000000
1.00000000
1.00000000
1.00000000
1.00000000
1.00000000
1.00000000
1.00000000
1.00000000
1.00000000
1.00000000
